60
-8.404 -4.725
6.722 4.985
-0.341 -3.530
-7.964 -3.663
-4.173 -3.657
5.804 6.260
-5.587 -4.248
-6.483 -4.386
5.499 3.397
4.950 5.670
4.140 6.455
0.717 4.301
4.219 3.505
3.087 5.642
2.285 4.166
-5.728 -5.238
-6.612 -4.053
2.703 3.445
3.028 4.248
-0.015 -3.078
0.670 7.781
3.316 4.499
-4.517 -3.407
-0.915 -4.164
3.444 7.114
3.811 4.557
-0.617 -3.366
-3.106 -3.875
-2.976 -5.040
-3.749 -4.292
6.014 3.248
2.237 3.143
4.791 5.640
-4.125 -2.389
6.722 4.985
-1.113 -4.243
3.586 1.132
-2.573 -4.167
3.180 2.360
2.699 7.157
-5.926 -2.857
-0.356 -2.511
5.251 6.290
5.576 1.810
3.365 3.286
3.388 4.177
-6.400 -1.817
6.415 5.427
3.457 1.185
5.959 2.515
-2.797 -4.516
-2.841 -3.627
-6.945 -2.283
3.573 2.793
-3.210 -5.175
-2.115 -2.739
-2.606 -3.903
3.275 3.517
-3.496 -3.926
-5.439 -2.960
